0.10 0.01780195315 0.0005777570014
0.11 0.02016015257 0.000510050145
0.12 0.02056418 0.0005935170781
0.13 0.02171825501 0.0004157901727
0.14 0.02382051664 0.0003215965548
0.15 0.02602137716 0.0003786799489
0.16 0.02805648716 0.0004132446889
0.17 0.03204028993 0.0002274806697
0.18 0.03602185873 0.000305685086
0.19 0.04325651895 0.0001725258029
0.20 0.0541204446 0.0005457618433
0.21 0.08121554978 0.0004943076766
0.215 0.1138091811 0.0006477446562
0.219 0.1759944692 0.001261495598
0.22 0.2037134126 0.001181804634
0.2205 0.2214267183 0.0008080618811
0.221 0.2382192993 0.001192438489
0.222 0.2772943642 0.000883836843
0.223 0.321571177 0.001446400121
0.225 0.4082661931 0.0007365347934
0.23 0.5452359938 0.0003351710175
0.24 0.6760863979 0.0002180071862
0.25 0.7510680791 0.0001428214281
